#numberOfClasses 
#RegressionValues (if RegressionValues == 0 -> there aren't definitions of class. directly with @data) 
#Class1 inittial 
#Class2 inittial 
#...
#ClassN inittial final 
#@data 
#RealValue PredictedValue (each example in one row) 
5
1
9.000
13.700
23.100
32.500
41.900 46.600
@data
26.000 27.117
18.000 18.661
13.000 16.017
17.500 17.975
24.000 25.025
27.000 26.592
16.500 16.050
13.000 12.133
16.000 17.650
28.800 27.833
18.000 20.361
34.300 27.900
34.100 34.850
15.500 17.878
26.600 27.050
19.000 20.916
23.000 24.633
21.500 18.758
20.000 19.183
25.500 24.800
22.000 23.200
40.800 33.841
15.000 17.650
34.000 30.183
15.000 16.017
16.500 17.617
20.500 18.758
36.000 35.339
23.000 23.233
9.000 9.000
21.000 22.383
32.000 30.900
28.000 27.800
36.100 36.350
34.400 34.883
36.100 37.100
14.000 15.133
13.000 16.017
21.000 20.683
28.000 27.800
39.400 36.450
32.000 30.900
16.000 16.117
27.000 27.767
36.000 29.072
18.000 18.661
20.000 19.217
18.000 18.367
25.000 24.700
31.000 31.817
11.000 11.611
16.000 16.017
14.000 15.133
28.000 25.350
25.400 25.517
19.000 18.400
27.000 27.800
17.000 17.617
25.000 24.633
31.500 32.600
22.000 21.633
23.200 24.600
32.000 30.900
29.000 26.200
29.800 28.179
14.000 15.133
35.000 27.012
23.000 23.722
24.200 24.700
31.900 31.525
28.000 26.200
31.000 30.900
44.000 44.250
22.000 20.456
32.300 34.067
35.700 34.394
18.100 18.400
14.000 12.133
30.700 29.725
19.000 20.100
29.900 28.783
18.000 20.591
15.000 16.017
16.200 17.583
30.500 30.183
24.000 24.633
34.200 34.717
16.000 16.017
28.000 23.722
31.300 30.933
20.200 19.183
32.700 31.000
39.100 32.400
20.200 18.758
31.600 30.967
18.500 17.975
24.500 25.972
31.500 30.867
24.000 23.167
34.100 30.900
19.000 22.383
12.000 11.350
20.500 18.758
24.000 23.233
23.900 25.450
14.000 15.267
17.000 18.139
29.500 28.550
23.000 18.861
27.000 26.200
19.200 18.400
13.000 12.133
18.000 18.400
18.500 18.400
25.000 25.450
23.000 23.200
25.000 26.200
13.000 12.133
15.000 16.017
18.600 18.400
11.000 11.350
39.000 32.400
20.300 23.883
27.200 27.800
32.200 31.066
20.000 22.383
14.000 15.133
26.000 26.592
19.000 18.400
26.000 25.092
32.900 30.444
26.000 26.592
19.000 18.400
23.500 24.700
31.000 30.900
17.600 18.400
27.500 27.083
16.000 16.083
22.000 23.200
12.000 12.133
36.000 33.511
22.000 21.500
34.000 34.100
31.000 29.658
16.000 17.650
30.000 30.700
22.000 20.591
27.200 25.775
26.000 26.200
13.000 11.350
32.000 28.583
26.000 26.200
26.000 26.917
12.000 11.350
14.000 15.133
31.000 27.767
43.100 38.117
32.000 30.900
29.000 25.483
18.000 21.567
17.000 15.528
15.000 16.017
13.000 12.133
24.000 23.200
36.000 25.483
38.100 31.133
37.000 27.012
14.500 16.017
11.000 9.783
27.200 26.200
21.000 19.250
20.200 20.617
25.400 25.517
27.000 26.200
37.000 35.667
28.000 24.700
32.000 30.933
32.400 34.100
33.000 34.684
38.000 24.633
31.000 28.583
29.000 28.550
20.000 19.183
32.100 30.767
20.600 18.758
34.700 34.917
24.000 26.200
26.000 26.200
25.000 24.633
19.000 18.661
17.000 17.617
20.000 20.883
24.000 26.200
28.000 26.200
21.500 23.883
25.800 26.200
19.000 18.367
16.000 16.117
15.000 15.133
28.100 27.442
17.500 16.900
13.000 13.833
10.000 9.000
29.000 26.200
44.300 38.117
15.000 15.133
25.000 23.200
41.500 27.966
19.400 17.975
28.400 26.167
23.000 23.200
14.000 15.395
20.000 20.525
14.000 15.133
14.000 15.133
17.500 18.400
29.000 30.900
10.000 9.783
36.000 34.883
13.000 12.133
23.700 24.866
30.000 30.867
25.000 25.450
19.900 18.758
28.000 27.867
15.000 16.017
20.000 19.444
14.000 15.133
25.000 25.025
17.000 17.650
38.000 31.422
38.000 36.058
13.000 12.133
16.900 17.617
33.000 30.933
31.800 31.066
23.800 26.100
23.900 22.578
29.000 28.942
30.500 30.083
18.100 18.661
16.500 17.975
19.800 19.183
24.000 24.633
33.500 30.900
13.000 12.133
21.000 23.722
26.000 23.200
30.900 30.588
13.000 13.866
24.000 21.242
19.400 19.183
24.300 25.350
30.000 28.617
13.000 14.192
16.000 16.117
29.500 30.700
19.000 18.400
11.000 9.783
14.000 12.133
26.000 27.700
29.000 28.550
15.000 16.017
33.800 33.934
18.000 18.400
17.500 16.900
26.000 25.583
16.000 16.542
15.000 15.267
14.000 15.133
29.000 28.550
21.100 24.567
32.800 31.066
33.700 34.817
18.000 18.400
26.800 27.278
46.600 30.767
33.000 30.933
35.100 32.400
26.600 27.424
13.000 15.133
12.000 11.611
34.500 34.783
21.000 22.025
21.600 20.883
15.000 16.017
16.000 16.117
37.700 34.950
27.400 27.017
14.000 15.133
38.000 30.900
19.100 18.400
22.500 21.108
33.500 30.900
30.000 25.483
26.400 27.375
15.500 16.050
13.000 12.133
17.000 17.617
19.200 18.400
23.000 21.633
17.700 18.400
21.000 22.417
13.000 15.133
22.000 26.200
27.900 25.808
22.300 21.567
14.000 15.133
21.000 22.383
26.500 27.050
15.500 16.083
25.000 25.450
30.000 28.650
20.000 18.661
